1 0.999999989064903
1.01 0.994325840378401
1.02 0.98884419256964
1.03 0.983549939975322
1.04 0.978438190448543
1.05 0.973504255207015
1.06 0.968743639263022
1.07 0.96415203239719
1.08 0.959725300640465
1.09 0.95545947823172
1.1 0.951350760020597
1.11 0.947395494287433
1.12 0.943590175954113
1.13 0.939931440161582
1.14 0.936416056191443
1.15 0.9330409217106
1.16 0.929803057319496
1.17 0.926699601385609
1.18 0.923727805145342
1.19 0.920885028058444
1.2 0.918168733400198
1.21 0.915576484077621
1.22 0.913105938656723
1.23 0.910754847588939
1.24 0.908521049625268
1.25 0.906402468407809
1.26 0.904397109228678
1.27 0.902503055947143
1.28 0.9007184680563
1.29 0.89904157789116
1.3 0.897470687970618
1.31 0.89600416846601
1.32 0.894640454789717
1.33 0.893378045297376
1.34 0.892215499097864
1.35 0.891151433965416
1.36 0.890184524348709
1.37 0.889313499471957
1.38 0.888537141523279
1.39 0.887854283926147
1.4 0.88726380968965
1.41 0.886764649833707
1.42 0.886355781885673
1.43 0.886036228444692
1.44 0.885805055810741
1.45 0.885661372675114
1.46 0.88560432886958
1.47 0.885633114171308
1.48 0.885746957161113
1.49 0.88594512413249
1.5 0.886226918049109
1.51 0.886591677548586
1.52 0.887038775990447
1.53 0.887567620546346
1.54 0.888177651330608
1.55 0.888868340569384
1.56 0.889639191806709
1.57 0.890489739145917
1.58 0.891419546524846
1.59 0.892428207023447
1.6 0.893515342202488
1.61 0.894680601471896
1.62 0.895923661487805
1.63 0.897244225576816
1.64 0.89864202318665
1.65 0.900116809361998
1.66 0.9016683642446
1.67 0.903296492596676
1.68 0.905001023346681
1.69 0.906781809156736
1.7 0.90863872601064
1.71 0.91057167282204
1.72 0.912580571061698
1.73 0.914665364403382
1.74 0.916826018387623
1.75 0.919062520102743
1.76 0.921374877882497
1.77 0.92376312101986
1.78 0.926227299496328
1.79 0.928767483726241
1.8 0.931383764315667
1.81 0.934076251835344
1.82 0.936845076607246
1.83 0.939690388504378
1.84 0.9426123567633
1.85 0.945611169809201
1.86 0.948687035092866
1.87 0.95184017893949
1.88 0.955070846408785
1.89 0.958379301166189
1.9 0.961765825364822
1.91 0.965230719537956
1.92 0.968774302501664
1.93 0.972396911267451
1.94 0.976098900964599
1.95 0.979880644772009
1.96 0.983742533859274
1.97 0.98768497733687
1.98 0.991708402215172
1.99 0.995813253372142
