0.05 2.96887919041412
0.07 2.62275375008187
0.09 2.36238268348345
0.11 2.15323626881452
0.13 1.97827248615019
0.15 1.82781376614359
0.17 1.69583102139835
0.19 1.57831112248967
0.21 1.47244637341122
0.23 1.37619444958534
0.25 1.28802251515743
0.27 1.20675011729395
0.29 1.13144835946632
0.31 1.06137276779073
0.33 0.99591717982979
0.35 0.934581218103001
0.37 0.876946810537365
0.39 0.822660895725711
0.41 0.771422454635046
0.43 0.722972630973933
0.45 0.677087096900871
0.47 0.63357007778362
0.49 0.592249620937209
0.51 0.552973809619341
0.53 0.515607704065824
0.55 0.480030847972596
0.57 0.44613521925856
0.59 0.413823533208671
0.61 0.383007827550491
0.63 0.353608274931058
0.65 0.325552180192868
0.67 0.298773128885657
0.69 0.273210260360854
0.71 0.248807644125399
0.73 0.225513742276981
0.75 0.203280944091057
0.77 0.182065161394843
0.79 0.161825475401779
0.81 0.142523827310655
0.83 0.124124746286378
0.85 0.106595109501683
0.87 0.0899039297841929
0.89 0.0740221671210875
0.91 0.0589225608553052
0.93 0.0445794798883985
0.950000000000001 0.0309687886039278
0.970000000000001 0.0180677265580147
0.990000000000001 0.00585480026195338
1.01 -0.00569031882087955
1.03 -0.0165868646329985
1.05 -0.0268530831398743
1.07 -0.0365062868509071
1.09 -0.0455629251684238
1.11 -0.0540386443751979
1.13 -0.0619483423763661
1.15 -0.0693062187422889
1.17 -0.076125820533523
1.19 -0.0824200843319832
1.21 -0.0882013748534539
1.23 -0.0934815204736034
1.25 -0.0982718459624638
1.27 -0.102583202689816
1.29 -0.106425996535299
1.31 -0.109810213712214
1.33 -0.112745444691818
1.35 -0.115240906395673
1.37 -0.117305462806503
1.39 -0.118947644132734
1.41 -0.120175664648739
1.43 -0.120997439320596
1.45 -0.121420599316897
1.47 -0.121452506494414
1.49 -0.121100266940248
1.51 -0.120370743644425
1.53 -0.119270568370147
1.55 -0.117806152783025
1.57 -0.115983698894982
1.59 -0.113809208873702
1.61 -0.111288494264281
1.63 -0.108427184665501
1.65 -0.105230735899585
1.67 -0.101704437711465
1.69 -0.0978534210299788
1.71 -0.0936826648213773
1.73 -0.0891970025627205
1.75 -0.0844011283607264
1.77 -0.0792996027395646
1.79 -0.0738968581192909
1.81 -0.0681972040049966
1.83 -0.0622048319051085
1.85 -0.0559238199960931
1.87 -0.0493581375493148
1.89 -0.0425116491348647
1.91 -0.0353881186159364
1.93 -0.0279912129464356
1.95 -0.020324505783623
1.97 -0.0123914809266892
1.99 -0.00419553559154096
2.01 0.00426001203228743
2.03 0.0129719376085441
2.05 0.0219370810295577
2.07 0.0311523616229068
2.09 0.040614771072631
2.11 0.0503213709490447
2.13 0.0602692903478832
2.15 0.0704557236328724
2.17 0.080877928276142
2.19 0.0915332227914527
2.21 0.102418984755196
2.23 0.113532648910721
2.25 0.124871705351748
2.27 0.136433697780692
2.29 0.148216221838282
2.31 0.160216923500848
2.33 0.172433497541845
2.35 0.184863686054664
2.37 0.19750527703353
2.39 0.210356103009866
2.41 0.223414039741345
2.43 0.236677004951221
2.45 0.250142957115586
2.47 0.263809894296232
2.49 0.277675853017119
2.51 0.291738907182407
2.53 0.305997167034197
2.55 0.32044877814813
2.57 0.335091920465243
2.59 0.349924807358446
2.61 0.364945684732091
2.63 0.380152830153177
2.65 0.395544552012903
2.67 0.411119188717198
2.69 0.426875107905003
2.71 0.44281070569319
2.73 0.458924405946967
2.75 0.475214659574696
2.77 0.491679943846173
2.79 0.508318761733374
2.81 0.525129641272738
2.83 0.542111134948221
2.85 0.559261819094141
2.87 0.576580293317178
2.89 0.594065179936689
2.91 0.611715123442602
2.93 0.629528789970359
2.95 0.647504866792038
2.97 0.665642061823208
2.99 0.683939103144858
3.01 0.702394734103272
3.03 0.721007730662239
3.05 0.739776874179874
3.07 0.758700968900188
3.09 0.777778837049351
3.11 0.797009318437025
3.13 0.816391270069226
3.15 0.835923565772444
3.17 0.855605095828511
3.19 0.875434766619862
3.21 0.895411500284856
3.23 0.91553423438275
3.25 0.935801921568077
3.27 0.956213529274003
3.29 0.976768039404438
3.31 0.99746444803455
3.33 1.01830176511945
3.35 1.03927901421073
3.37 1.06039523218057
3.39 1.08164946895329
3.41 1.10304078724391
3.43 1.12456826230368
3.45 1.14623098167222
3.47 1.16802804493612
3.49 1.18995856349374
3.51 1.2120216603261
3.53 1.23421646977363
3.55 1.25654213731846
3.57 1.27899781937237
3.59 1.30158268306989
3.61 1.3242959060667
3.63 1.34713667634285
3.65 1.37010419201103
3.67 1.39319766112936
3.69 1.41641630151875
3.71 1.4397593405848
3.73 1.46322601514384
3.75 1.48681557125318
3.77 1.51052726404542
3.79 1.53436035756665
3.81 1.55831412461839
3.83 1.58238784660337
3.85 1.6065808133747
3.87 1.63089232308871
3.89 1.65532168206103
3.91 1.679868204626
3.93 1.70453121299934
3.95 1.72931003714377
3.97 1.75420401463782
3.99 1.77921249054745
